1 2 124.66485388269444
1 3 171.67946722738685
1 4 169.17079919952334
1 5 259.12315115458756
1 6 233.67709296624938
1 7 39.4903991366562
1 8 179.38307291803184
1 9 195.60395279657135
1 10 75.59319600076986
1 11 43.679858493330336
1 12 238.92560126352274
1 13 10.743406474942581
1 14 148.05358803426606
1 15 318.85149515965907
1 16 2.9159394612185494
1 17 35.23055484835513
1 18 286.87082093519257
1 T0End 38.10990531417834
2 3 47.01461334469241
2 4 44.5059453168289
2 5 134.4582972718931
2 6 109.01223908355493
2 7 85.17445474603825
2 8 54.7182190353374
2 9 70.9390989138769
2 10 49.071657881924594
2 11 80.98499538936412
2 12 114.26074738082829
2 13 113.92144740775187
2 14 23.38873415157161
2 15 194.1866412769646
2 16 121.7489144214759
2 17 159.8954087310496
2 18 162.2059670524981
2 T0End 162.7747591968728
3 4 2.508668027863507
3 5 87.44368392720068
3 6 61.997625738862524
3 7 132.18906809073064
3 8 7.7036056906449915
3 9 23.924485569184498
3 10 96.086271226617
3 11 127.99960873405652
3 12 67.24613403613589
3 13 160.9360607524443
3 14 23.625879193120795
3 15 147.1720279322722
3 16 168.7635277661683
3 17 206.910022075742
3 18 115.19135370780569
3 T0End 209.7893725415652
4 5 89.95235195506419
4 6 64.50629376672603
4 7 129.68040006286714
4 8 10.212273718508499
4 9 26.433153597048005
4 10 93.5776031987535
4 11 125.49094070619302
4 12 69.75480206399939
4 13 158.42739272458078
4 14 21.117211165257288
4 15 149.6806959601357
4 16 166.2548597383048
4 17 204.4013540478785
4 18 117.7000217356692
4 T0End 207.2807045137017
5 6 25.446058188338156
5 7 219.63275201793135
5 8 79.74007823655569
5 9 63.51919835801618
5 10 183.5299551538177
5 11 215.4432926612572
5 12 20.197549891064796
5 13 248.37974467964494
5 14 111.06956312032148
5 15 59.728344005071506
5 16 256.207211693369
5 17 294.35370600294266
5 18 27.74766978060501
5 T0End 297.2330564687659
6 7 194.1866938295932
6 8 54.29402004821753
6 9 38.07314016967803
6 10 158.08389696547954
6 11 189.99723447291905
6 12 5.248508297273361
6 13 222.9336864913068
6 14 85.62350493198332
6 15 85.17440219340966
6 16 230.76115350503085
6 17 268.9076478146045
6 18 53.193727968943165
6 T0End 271.7869982804277
7 8 139.89267378137566
7 9 156.11355365991517
7 10 36.10279686411366
7 11 4.189459356674135
7 12 199.43520212686656
7 13 28.74699266171362
7 14 108.56318889760986
7 15 279.36109602300286
7 16 36.57445967543765
7 17 74.72095398501133
7 18 247.38042179853636
7 T0End 77.60030445083454
8 9 16.220879878539506
8 10 103.78987691726199
8 11 135.7032144247015
8 12 59.542528345490894
8 13 168.63966644308925
8 14 31.329484883765787
8 15 139.4684222416272
8 16 176.46713345681331
8 17 214.613627766387
8 18 107.4877480171607
8 T0End 217.4929782322102
9 10 120.0107567958015
9 11 151.92409430324102
9 12 43.32164846695139
9 13 184.86054632162876
9 14 47.55036476230529
9 15 123.24754236308769
9 16 192.68801333535282
9 17 230.8345076449265
9 18 91.26686813862119
9 T0End 233.7138581107497
10 11 31.913337507439522
10 12 163.3324052627529
10 13 64.84978952582728
10 14 72.4603920334962
10 15 243.2582991588892
10 16 72.67725653955131
10 17 110.82375084912499
10 18 211.2776249344227
10 T0End 113.7031013149482
11 12 195.2457427701924
11 13 32.936452018387754
11 14 104.37372954093573
11 15 275.1716366663287
11 16 40.76391903211179
11 17 78.91041334168547
11 18 243.1909624418622
11 T0End 81.78976380750868
12 13 228.18219478858015
12 14 90.87201322925668
12 15 79.9258938961363
12 16 236.0096618023042
12 17 274.15615611187786
12 18 47.945219671669804
12 T0End 277.0355065777011
13 14 137.3101815593235
13 15 308.10808868471645
13 16 7.827467013724032
13 17 45.973961323297715
13 18 276.12741446024995
13 T0End 48.85331178912092
14 15 170.79790712539298
14 16 145.1376485730475
14 17 183.2841428826212
14 18 138.81723290092648
14 T0End 186.1634933484444
15 16 315.9355556984405
15 17 354.08205000801416
15 18 31.980674224466497
15 T0End 356.9614004738374
16 17 38.14649430957368
16 18 283.954881473974
16 T0End 41.02584477539689
17 18 322.10137578354767
17 T0End 2.879350465823205
18 T0End 324.9807262493709
T0Begin 1 38.10990531417834
T0Begin 2 162.7747591968728
T0Begin 3 209.7893725415652
T0Begin 4 207.2807045137017
T0Begin 5 297.2330564687659
T0Begin 6 271.7869982804277
T0Begin 7 77.60030445083454
T0Begin 8 217.4929782322102
T0Begin 9 233.7138581107497
T0Begin 10 113.7031013149482
T0Begin 11 81.78976380750868
T0Begin 12 277.0355065777011
T0Begin 13 48.85331178912092
T0Begin 14 186.1634933484444
T0Begin 15 356.9614004738374
T0Begin 16 41.02584477539689
T0Begin 17 2.879350465823205
T0Begin 18 324.9807262493709