2 3 0.849291057162969
2 4 2.115615841074861
2 5 3.033333333333322
2 6 3.0904386574816463
2 7 3.5904386574816436
2 8 4.107638627614458
2 9 5.688155391642269
2 10 6.957638627614605
2 11 7.298656319125405
2 12 7.323771990815134
2 13 7.409121551917755
2 14 7.969289111937554
2 15 8.406333690947644
2 16 9.207638627614715
2 17 10.204393475049814
2 18 11.639667024281144
2 19 12.302622445271075
2 20 20.030364467005302
3 4 1.2663247839118918
3 5 2.184042276170353
3 6 2.241147600318677
3 7 2.7411476003186745
3 8 3.2583475704514884
3 9 4.838864334479299
3 10 6.1083475704516355
3 11 6.449365261962435
3 12 6.474480933652164
3 13 6.559830494754785
3 14 7.119998054774585
3 15 7.557042633784675
3 16 8.358347570451745
3 17 9.355102417886844
3 18 10.790375967118173
3 19 11.453331388108104
3 20 19.181073409842334
4 5 0.9177174922584612
4 6 0.9748228164067854
4 7 1.4748228164067827
4 8 1.9920227865395965
4 9 3.5725395505674076
4 10 4.842022786539744
4 11 5.183040478050543
4 12 5.208156149740272
4 13 5.293505710842894
4 14 5.853673270862693
4 15 6.290717849872783
4 16 7.092022786539854
4 17 8.088777633974953
4 18 9.524051183206282
4 19 10.187006604196213
4 20 17.914748625930443
5 6 0.057105324148324144
5 7 0.5571053241483215
5 8 1.0743052942811353
5 9 2.6548220583089464
5 10 3.9243052942812824
5 11 4.265322985792082
5 12 4.290438657481811
5 13 4.375788218584432
5 14 4.935955778604232
5 15 5.3730003576143215
5 16 6.1743052942813925
5 17 7.171060141716492
5 18 8.606333690947821
5 19 9.269289111937752
5 20 16.99703113367198
6 7 0.49999999999999734
6 8 1.0171999701328112
6 9 2.597716734160622
6 10 3.8671999701329582
6 11 4.208217661643758
6 12 4.233333333333487
6 13 4.318682894436108
6 14 4.8788504544559075
6 15 5.315895033465997
6 16 6.117199970133068
6 17 7.1139548175681675
6 18 8.549228366799497
6 19 9.212183787789428
6 20 16.939925809523658
7 8 0.5171999701328138
7 9 2.097716734160625
7 10 3.367199970132961
7 11 3.7082176616437605
7 12 3.7333333333334897
7 13 3.818682894436111
7 14 4.37885045445591
7 15 4.815895033466
7 16 5.617199970133071
7 17 6.61395481756817
7 18 8.0492283667995
7 19 8.712183787789431
7 20 16.43992580952366
8 9 1.580516764027811
8 10 2.850000000000147
8 11 3.1910176915109467
8 12 3.216133363200676
8 13 3.301482924303297
8 14 3.8616504843230963
8 15 4.298695063333186
8 16 5.100000000000257
8 17 6.096754847435356
8 18 7.532028396666686
8 19 8.194983817656617
8 20 15.922725839390846
9 10 1.269483235972336
9 11 1.6105009274831357
9 12 1.6356165991728648
9 13 1.720966160275486
9 14 2.2811337202952853
9 15 2.718178299305375
9 16 3.519483235972446
9 17 4.516238083407545
9 18 5.951511632638875
9 19 6.614467053628806
9 20 14.342209075363035
10 11 0.34101769151079964
10 12 0.3661333632005288
10 13 0.45148292430314996
10 14 1.0116504843229492
10 15 1.448695063333039
10 16 2.25000000000011
10 17 3.2467548474352093
10 18 4.682028396666539
10 19 5.34498381765647
10 20 13.0727258393907
11 12 0.02511567168972917
11 13 0.11046523279235032
11 14 0.6706327928121496
11 15 1.1076773718222395
11 16 1.9089823084893105
11 17 2.9057371559244096
11 18 4.341010705155739
11 19 5.00396612614567
11 20 12.7317081478799
12 13 0.08534956110262115
12 14 0.6455171211224204
12 15 1.0825617001325103
12 16 1.8838666367995813
12 17 2.8806214842346805
12 18 4.31589503346601
12 19 4.978850454455941
12 20 12.70659247619017
13 14 0.5601675600197993
13 15 0.9972121390298891
13 16 1.7985170756969602
13 17 2.7952719231320593
13 18 4.230545472363389
13 19 4.89350089335332
13 20 12.62124291508755
14 15 0.43704457901008986
14 16 1.238349515677161
14 17 2.23510436311226
14 18 3.6703779123435893
14 19 4.33333333333352
14 20 12.06107535506775
15 16 0.801304936667071
15 17 1.7980597841021702
15 18 3.2333333333334995
15 19 3.8962887543234306
15 20 11.62403077605766
16 17 0.9967548474350991
16 18 2.4320283966664284
16 19 3.0949838176563595
16 20 10.82272583939059
17 18 1.4352735492313293
17 19 2.0982289702212604
17 20 9.82597099195549
18 19 0.6629554209899311
18 20 8.39069744272416
19 20 7.72774202173423
1 1 3.135593256824338
1 2 3.969635532994696
1 3 4.818926590157665
1 4 6.085251374069557
1 5 7.002968866328018
1 6 7.060074190476342
1 7 7.56007419047634
1 8 8.077274160609154
1 9 9.657790924636965
1 10 10.9272741606093
1 11 11.2682918521201
1 12 11.29340752380983
1 13 11.37875708491245
1 14 11.93892464493225
1 15 12.37596922394234
1 16 13.17727416060941
1 17 14.17402900804451
1 18 15.60930255727584
1 19 16.27225797826577